Z N B_pred_MeV
8 6 94.762437
11 15 216.470102
14 12 206.096690
12 19 254.048773
17 14 244.044763
15 22 316.444080
15 24 327.359985
16 27 357.788602
27 37 568.108700
26 39 571.453049
37 40 659.777207
33 47 706.437463
39 44 714.840609
33 52 741.038255
45 55 860.586494
47 53 842.701867
38 64 873.950421
39 64 886.619123
43 65 936.328139
54 56 881.586423
53 59 922.928163
54 72 1069.306995
59 69 1047.959793
48 82 1096.284812
61 74 1107.547060
55 81 1153.226404
60 76 1128.250475
53 87 1179.258910
61 87 1236.989193
64 86 1239.088614
65 88 1261.124460
68 86 1245.658409
64 95 1318.681733
74 86 1239.671325
71 96 1352.022179
69 99 1374.376761
72 102 1410.477285
77 110 1494.694069
79 110 1498.092977
84 105 1443.123063
80 113 1527.373625
80 117 1563.060389
84 117 1568.569116
84 129 1673.080830
83 132 1692.493422
91 127 1663.841218
91 134 1728.099136
94 152 1877.782307
96 150 1867.135325
98 154 1901.748432
