Z N B_pred_MeV
8 8 123.720155
8 9 134.292707
20 26 406.316005
23 26 430.976284
32 33 555.971942
31 36 588.944547
28 40 601.763614
31 38 610.223833
35 34 574.366085
38 38 634.145230
33 47 706.437463
34 48 723.837658
39 46 738.084815
38 48 754.252170
34 53 759.407996
43 48 773.797339
40 56 840.809697
46 56 875.064539
42 61 897.495930
45 58 891.533981
54 59 922.710277
52 64 980.715358
53 66 1005.048079
51 69 1027.000029
57 69 1046.409927
52 83 1144.068047
61 82 1191.476645
55 89 1210.808627
58 88 1227.641055
69 78 1149.681724
64 85 1229.297455
61 90 1262.005011
62 92 1283.701353
67 88 1265.557636
73 86 1241.937650
74 96 1354.931727
79 92 1300.825016
82 98 1365.811374
78 108 1477.938880
84 105 1443.123063
80 113 1527.373625
77 117 1553.862992
83 123 1621.237426
86 122 1616.578938
88 120 1597.215544
87 137 1744.540136
92 135 1737.579327
94 136 1747.015854
94 140 1782.396533
94 152 1877.782307
