Z N B_pred_MeV
8 8 113.528476
8 9 125.454782
20 26 425.584597
23 26 440.337533
32 33 573.596357
31 36 615.224597
28 40 663.456915
31 38 644.767773
35 34 595.101329
38 38 660.248880
33 47 784.500063
34 48 802.401188
39 46 783.203962
38 48 811.870106
34 53 877.174535
43 48 818.141337
40 56 937.070731
46 56 943.278783
42 61 1016.735219
45 58 973.771328
54 59 986.063214
52 64 1067.155892
53 66 1097.896946
51 69 1146.211350
57 69 1140.505926
52 83 1365.615301
61 82 1340.923464
55 89 1459.397743
58 88 1441.260451
69 78 1252.887840
64 85 1382.345670
61 90 1468.893901
62 92 1499.108113
67 88 1422.459881
73 86 1367.580120
74 96 1527.442450
79 92 1437.489470
82 98 1520.602160
78 108 1706.949463
84 105 1625.620544
80 113 1779.866752
77 117 1859.144387
83 123 1930.037615
86 122 1897.076979
88 120 1851.755894
87 137 2140.586127
92 135 2077.116581
94 136 2080.462862
94 140 2147.587157
94 152 2348.466841
