Z N B_pred_MeV
8 6 89.973942
11 15 221.526223
14 12 201.991272
12 19 280.522492
17 14 244.905579
15 22 340.994838
15 24 367.997512
16 27 415.471950
27 37 615.673930
26 39 640.382079
37 40 689.026463
33 47 784.500063
39 44 752.785995
33 52 859.018578
45 55 927.369581
47 53 896.780954
38 64 1054.258783
39 64 1056.736083
43 65 1079.567227
54 56 938.454103
53 59 987.328849
54 72 1191.760138
59 69 1136.826626
48 82 1348.113279
61 74 1212.640980
55 81 1333.128891
60 76 1246.851492
53 87 1428.385298
61 87 1420.937496
64 86 1398.452665
65 88 1428.132540
68 86 1386.821012
64 95 1543.199675
74 86 1363.113897
71 96 1539.166354
69 99 1594.616959
72 102 1633.354873
77 110 1744.324932
79 110 1735.204215
84 105 1625.620544
80 113 1779.866752
80 117 1845.820923
84 117 1825.280093
84 129 2024.111614
83 132 2078.690132
91 127 1949.689914
91 134 2066.842102
94 152 2348.466841
96 150 2301.670266
98 154 2354.832231
